29,1458
29,1458
29,1458
29,1458
29,1458
29,1458
29,1458
29,1458
29,1458
29,1458
29,1038
29,0522
29,0353
29,0659
29,4985
29,4985
29,4985
29,4228
29,5321
29,5823
29,7609
29,8058
29,8058
29,8058
29,8131
30,1774
30,0944
30,0728
29,7774
29,7774
29,7774
29,8444
29,7800
29,5081
29,5319
29,5194
29,5194
29,5194
29,5051
29,2443
29,2479
29,2108
29,3502
29,3502
29,3502
29,5821
29,5217
29,3620
29,4609
29,5391
29,5391
29,5391
29,7075
30,9068
30,9068
31,0349
30,3261
30,3261
30,3261
33,9264
29,4765
35,1126
36,1391
34,2191
34,1628
34,1628
34,1628
34,1628
37,4793
38,8656
35,3055
35,3055
35,3055
34,9971
33,5841
32,6353
31,7811
31,5237
31,5237
31,5237
31,9991
31,8796
31,6632
30,0594
29,9392
29,9392
29,9392
29,6568
28,2566
28,2810
28,3398
28,3423
28,3423
28,3423
28,3607
28,3231
28,0310
27,1273
27,0246
27,0246
27,0246
28,0290
28,1369
28,2105
28,5161
28,3060
28,3060
28,3060
28,2821
28,2578
27,8774
27,6209
27,0707
27,0707
27,0707
27,5152
27,3352
27,3611
27,2463
26,7671
26,7671
26,7671
26,7671
26,7671
26,6319
26,0031
26,4532
26,4532
26,4532
26,4532
26,4532
26,5326
25,8778
25,0865
25,0865
25,0865
25,2767
25,2655
25,2289
24,9184
23,5140
23,5140
23,5140
23,6189
23,1130
22,8981
24,3982
26,1100
26,1100
26,1100
24,3770
23,9111
23,8176
23,7210
23,8716
23,8716
23,8716
23,4720
23,4088
23,2263
22,7968
22,5581
22,5581
22,5581
22,5581
22,3131
22,1849
22,1772
22,1152
22,1152
22,1152
22,0112
21,5208
21,0347
21,0775
21,0640
21,0640
21,0640
21,1092
21,0023
20,2726
20,4623
20,9514
20,9514
20,9514
21,0035
21,9524
23,2590
23,3240
22,6309
22,6309
22,6309
23,0364
22,4249
22,4977
22,5531
22,3887
22,3887
22,3887
22,2395
21,9805
21,8836
22,4102
22,7727
22,7727
22,7727
22,5140
22,6891
22,8990
23,0046
23,4276
23,4276
23,4276
23,3563
23,1409
23,1727
23,2190
23,2620
23,2620
23,2620
23,3396
23,3774
23,4355
23,5264
23,6337
23,6337
23,6337
23,7124
23,6759
23,5531
23,3250
23,0041
23,0041
23,0041
23,3943
23,4144
23,4466
23,4622
23,5888
23,5888
23,5888
23,5924
23,6116
23,5804
23,6066
23,6592
23,6592
23,6592
23,6600
23,6511
23,6963
23,6267
23,4979
23,4979
23,4979
23,6631
23,5837
23,5474
23,5640
23,7082
23,7082
23,7082
23,7052
23,6964
23,8233
23,5077
22,8275
22,8275
22,8275
23,2517
23,3674
23,3757
23,1476
22,2952
22,2952
22,2952
23,4955
23,6490
23,9167
24,0321
24,4286
24,4286
24,4286
24,4363
24,6446
24,6829
24,7011
24,5315
24,5315
24,5315
24,4986
24,5546
24,5674
24,6086
24,5875
24,5875
24,5875
24,6426
24,7628
24,8042
24,7955
24,8804
24,8804
24,8804
24,8851
24,8242
24,9020
24,8900
24,8900
24,8900
24,8900
24,5585
24,7483
24,8458
24,9170
24,8137
24,8137
24,8137
24,9157
24,9510
24,9724
25,0225
25,0754
25,0754
25,0754
25,0921
25,0647
25,0276
25,0038
25,0320
25,0320
25,0320
25,1000
25,0828
25,0279
25,1265
25,2493
25,2493
25,2493
25,3485
25,4070
25,3534
25,2531
25,2362
25,2362
25,2362
25,2656
25,2626
25,2819
25,2529
25,2937
25,2937
25,2937
25,5960
25,9461
26,1934
26,3539
25,5083
25,5083
25,5083
25,6978
26,0775
26,3274
